SIMPLE  = T
BITPIX  = -64
NAXIS   = 2
NAXIS1  = 2259
NAXIS2  = 2199
CTYPE1  = 'RA---TAN'
CTYPE2  = 'DEC--TAN'
CRVAL1  =  210.835222357
CRVAL2  =   54.367562188
CDELT1  =   -0.000277780
CDELT2  =    0.000277780
CRPIX1  =      1130.0000
CRPIX2  =      1100.0000
CROTA2  =   -0.052834592
HISTORY =   MONTAGE TUTORIAL
END
